-0.0000
0.0005
0.0021
0.0048
0.0085
0.0133
0.0192
0.0261
0.0341
0.0432
0.0533
0.0645
0.0768
0.0901
0.1045
0.1200
0.1365
0.1541
0.1728
0.1925
0.2133
0.2352
0.2581
0.2821
0.3072
0.3333
0.3605
0.3888
0.4181
0.4485
0.4800
0.5125
0.5461
0.5808
0.6165
0.6533
0.6912
0.7301
0.7701
0.8112
0.8533
0.8965
0.9408
0.9861
1.0325
1.0800
1.1285
1.1781
1.2288
1.2805
1.3333
1.3872
1.4421
1.4981
1.5552
1.6133
1.6725
1.7328
1.7941
1.8565
1.9200
1.9845
2.0501
2.1168
2.1845
2.2533
2.3232
2.3941
2.4661
2.5392
2.6133
2.6885
2.7648
2.8421
2.9205
3.0000
3.0805
3.1621
3.2448
3.3285
3.4133
3.4992
3.5861
3.6741
3.7632
3.8533
3.9445
4.0368
4.1301
4.2245
4.3200
4.4165
4.5141
4.6128
4.7125
4.8133
4.9152
5.0181
5.1221
5.2272
5.3333
5.4405
5.5488
5.6581
5.7685
5.8800
5.9925
6.1061
6.2208
6.3365
6.4533
6.5712
6.6901
6.8101
6.9312
7.0533
7.1765
7.3008
7.4261
7.5525
7.6800
7.8085
7.9381
8.0688
8.2005
8.3333
8.4672
8.6021
8.7381
8.8752
9.0133
9.1525
9.2928
9.4341
9.5765
9.7200
9.8645
10.0101
10.1568
10.3045
10.4533
10.6032
10.7541
10.9061
11.0592
11.2133
11.3685
11.5248
11.6821
11.8405
12.0000
12.1605
12.3221
12.4848
12.6485
12.8133
12.9792
13.1461
13.3141
13.4832
13.6533
13.8245
13.9968
14.1701
14.3445
14.5200
14.6965
14.8741
15.0528
15.2325
15.4133
15.5952
15.7781
15.9621
16.1472
16.3333
16.5205
16.7088
16.8981
17.0885
17.2800
17.4725
17.6661
17.8608
18.0565
18.2533
18.4512
18.6501
18.8501
19.0512
19.2533
19.4565
19.6608
19.8661
20.0725
20.2800
20.4885
20.6981
20.9088
21.1205
21.3333
21.5472
21.7621
21.9781
22.1952
22.4133
22.6325
22.8528
23.0741
23.2965
23.5200
23.7445
23.9701
24.1968
24.4245
24.6533
24.8832
25.1141
25.3461
25.5792
25.8133
26.0485
26.2848
26.5221
26.7605
27.0000
27.2405
27.4821
27.7248
27.9685
28.2133
28.4592
28.7061
28.9541
29.2032
29.4533
29.7045
29.9568
30.2101
30.4645
30.7200
30.9765
31.2341
31.4928
31.7525
32.0133
32.2752
32.5381
32.8021
33.0672
33.3333
33.6005
33.8688
34.1381
34.4085
34.6800
34.9525
35.2261
35.5008
35.7765
36.0533
36.3312
36.6101
36.8901
37.1712
37.4533
37.7365
38.0208
38.3061
38.5925
38.8800
39.1685
39.4581
39.7488
40.0405
40.3333
40.6272
40.9221
41.2181
41.5152
41.8133
42.1125
42.4128
42.7141
43.0165
43.3200
43.6245
43.9301
44.2368
44.5445
44.8533
45.1632
45.4741
45.7861
46.0992
46.4133
46.7285
47.0448
47.3621
47.6805
48.0000
48.3205
48.6421
48.9648
49.2885
49.6133
49.9392
50.2661
50.5941
50.9232
51.2533
51.5845
51.9168
52.2501
52.5845
52.9200
53.2565
53.5941
53.9328
54.2725
54.6133
54.9552
55.2981
55.6421
55.9872
56.3333
56.6805
57.0288
57.3781
57.7285
58.0800
58.4325
58.7861
59.1407
59.4964
59.8532
60.2110
60.5699
60.9298
61.2907
61.6527
62.0157
62.3797
62.7446
63.1106
63.4774
63.8451
64.2137
64.5830
64.9530
65.3237
65.6948
66.0664
66.4382
66.8100
67.1817
67.5530
67.9237
68.2934
68.6617
69.0284
69.3930
69.7549
70.1136
70.4687
70.8195
71.1653
71.5056
71.8396
72.1667
72.4863
72.7978
73.1005
73.3940
73.6779
73.9519
74.2159
74.4698
74.7138
74.9483
75.1739
75.3914
75.6018
75.8064
76.0067
76.2044
76.4014
76.5998
76.8018
77.0097
77.2260
77.4531
77.6934
77.9493
78.2229
78.5163
78.8313
79.1694
79.5319
79.9197
80.3333
80.7730
81.2386
81.7294
82.2446
82.7829
83.3429
83.9226
84.5201
85.1331
85.7593
86.3964
87.0418
87.6931
88.3481
89.0044
89.6601
90.3131
90.9618
91.6048
92.2406
92.8683
93.4871
94.0965
94.6959
95.2853
95.8646
96.4340
96.9938
97.5444
98.0863
98.6201
99.1463
99.6656
100.1787
100.6861
101.1887
101.6870
102.1815
102.6730
103.1618
103.6484
104.1334
104.6170
105.0997
105.5817
106.0633
106.5448
107.0264
107.5082
107.9903
108.4730
108.9563
109.4403
109.9251
110.4107
110.8972
111.3846
111.8730
112.3624
112.8527
113.3441
113.8365
114.3299
114.8244
115.3199
115.8164
116.3141
116.8128
117.3125
117.8133
118.3152
118.8181
119.3221
119.8272
120.3333
120.8405
121.3488
121.8581
122.3685
122.8800
123.3925
123.9061
124.4208
124.9365
125.4533
125.9712
126.4901
127.0101
127.5312
128.0533
128.5765
129.1008
129.6261
130.1525
130.6800
131.2085
131.7381
132.2688
132.8005
133.3333
133.8672
134.4021
134.9381
135.4752
136.0133
136.5525
137.0928
137.6341
138.1765
138.7200
139.2645
139.8101
140.3568
140.9045
141.4533
142.0032
142.5541
143.1061
143.6592
144.2133
144.7685
145.3248
145.8821
146.4405
147.0000
147.5605
148.1221
148.6848
149.2485
149.8133
150.3792
150.9461
151.5141
152.0832
152.6533
153.2245
153.7968
154.3701
154.9445
155.5200
156.0965
156.6741
157.2528
157.8325
158.4133
158.9952
159.5781
160.1621
160.7472
161.3333
161.9205
162.5088
163.0981
163.6885
164.2800
164.8725
165.4661
166.0608
166.6565
167.2533
167.8512
168.4501
169.0501
169.6512
170.2533
170.8565
171.4608
172.0661
172.6725
173.2800
173.8885
174.4981
175.1088
175.7205
176.3333
176.9472
177.5621
178.1781
178.7952
179.4133
180.0325
180.6528
181.2741
181.8965
182.5200
183.1445
183.7701
184.3968
185.0245
185.6533
186.2832
186.9141
187.5461
188.1792
188.8133
189.4485
190.0848
190.7221
191.3605
192.0000
192.6405
193.2821
193.9248
194.5685
195.2133
195.8592
196.5061
197.1541
197.8032
198.4533
199.1045
199.7568
200.4101
201.0645
201.7200
202.3765
203.0341
203.6928
204.3525
205.0133
205.6752
206.3381
207.0021
207.6672
208.3333
209.0005
209.6688
210.3381
211.0085
211.6800
212.3525
213.0261
213.7008
214.3765
215.0533
215.7312
216.4101
217.0901
217.7712
218.4533
219.1365
219.8208
220.5061
221.1925
221.8800
222.5685
223.2581
223.9488
224.6405
225.3333
226.0272
226.7221
227.4181
228.1152
228.8133
229.5125
230.2128
230.9141
231.6165
232.3200
233.0245
233.7301
234.4368
235.1445
235.8533
236.5632
237.2741
237.9861
238.6992
239.4133
240.1285
240.8448
241.5621
242.2805
243.0000
243.7205
244.4421
245.1648
245.8885
246.6133
247.3392
248.0661
248.7941
249.5232
250.2533
250.9845
251.7168
252.4501
253.1845
253.9200
254.6565
255.3941
256.1328
256.8725
257.6133
258.3552
259.0981
259.8421
260.5872
261.3333
262.0805
262.8288
263.5781
264.3285
265.0800
265.8325
266.5861
267.3408
268.0965
268.8533
269.6112
270.3701
271.1301
271.8912
272.6533
273.4165
274.1808
274.9461
275.7125
276.4800
277.2485
278.0181
278.7888
279.5605
280.3333
281.1072
281.8821
282.6581
283.4352
284.2133
284.9925
285.7728
286.5541
287.3365
288.1200
288.9045
289.6901
290.4768
291.2645
292.0533
292.8432
293.6341
294.4261
295.2192
296.0133
296.8085
297.6048
298.4021
299.2005
300.0000
300.8005
301.6021
302.4048
303.2085
304.0133
304.8192
305.6261
306.4341
307.2432
308.0533
308.8645
309.6768
310.4901
311.3045
312.1200
312.9365
313.7541
314.5728
315.3925
316.2133
317.0352
317.8581
318.6821
319.5072
320.3333
321.1605
321.9888
322.8181
323.6485
324.4800
325.3125
326.1461
326.9808
327.8165
328.6533
329.4912
330.3301
331.1701
332.0112
332.8533
333.6965
334.5408
335.3861
336.2325
337.0800
337.9285
338.7781
339.6288
340.4805